Webots Project File version R2021b
perspectives: 000000ff00000000fd0000000200000001000001be000001c8fc0200000001fb0000001400540065007800740045006400690074006f00720100000000000001c80000008b00ffffff0000000300000500000000d4fc0100000001fb0000001a0043006f006e0073006f006c00650041006c006c0041006c006c0100000000000005000000008700ffffff00000340000001c800000001000000020000000100000008fc00000000
simulationViewPerspectives: 000000ff000000010000000200000117000002cb0100000002010000000100
sceneTreePerspectives: 000000ff000000010000000200000091000000fa0100000002010000000200
minimizedPerspectives: 000000ff00000000fd00000002000000010000011c000002d8fc0200000001fb0000001400540065007800740045006400690074006f00720000000000000002d80000004500ffffff000000030000050000000083fc0100000001fb0000001a0043006f006e0073006f006c00650041006c006c0041006c006c0100000000000005000000008700ffffff000005000000021600000001000000020000000100000008fc00000000
maximizedDockId: -1
centralWidgetVisible: 1
orthographicViewHeight: 1
textFiles: 0 "controllers/supervisor_controller/supervisor_controller.py"
consoles: Console:All:All
renderingDevicePerspectives: top_view_camera:CAM;1;0.236486;0;0.00163666
